{
 "cells": [
  {
   "cell_type": "code",
   "execution_count": 59,
   "metadata": {
    "pycharm": {
     "is_executing": false
    }
   },
   "outputs": [],
   "source": [
    "import pandas as pd\n",
    "\n",
    "categorical_feature_names = ['pol_coverage', 'pol_pay_freq', 'pol_usage', 'drv_drv2', 'drv_sex1', 'drv_sex2', 'vh_make',\n",
    "                             'vh_model', 'vh_type']\n",
    "\n",
    "\n",
    "\n",
    "# data = np.genfromtxt('part3_data.csv',delimiter=',', dtype=object)\n",
    "df = pd.read_csv('part3_data.csv')\n",
    "# print(data)\n",
    "# encoded = to_categorical(data, dtype=object)\n",
    "# print(encoded)\n",
    "\n",
    "# from sklearn.preprocessing import LabelEncoder\n",
    "# from sklearn.preprocessing import OneHotEncoder\n",
    "\n"
   ]
  },
  {
   "cell_type": "code",
   "execution_count": 60,
   "metadata": {
    "collapsed": false,
    "jupyter": {
     "outputs_hidden": false
    },
    "pycharm": {
     "name": "#%%\n"
    }
   },
   "outputs": [],
   "source": [
    "fixed_df = pd.concat([removed,encoded_features], axis=1)"
   ]
  },
  {
   "cell_type": "code",
   "execution_count": 61,
   "metadata": {
    "collapsed": false,
    "jupyter": {
     "outputs_hidden": false
    },
    "pycharm": {
     "name": "#%%\n"
    }
   },
   "outputs": [
    {
     "name": "stdout",
     "output_type": "stream",
     "text": [
      "Index(['pol_bonus', 'pol_duration', 'pol_sit_duration', 'drv_age1', 'drv_age2',\n",
      "       'drv_age_lic1', 'drv_age_lic2', 'vh_age', 'vh_cyl', 'vh_din',\n",
      "       'vh_sale_begin', 'vh_sale_end', 'vh_speed', 'vh_value', 'vh_weight',\n",
      "       'town_mean_altitude', 'town_surface_area', 'population', 'commune_code',\n",
      "       'canton_code', 'city_district_code', 'claim_amount', 'made_claim'],\n",
      "      dtype='object')\n"
     ]
    },
    {
     "data": {
      "text/html": [
       "<div>\n",
       "<style scoped>\n",
       "    .dataframe tbody tr th:only-of-type {\n",
       "        vertical-align: middle;\n",
       "    }\n",
       "\n",
       "    .dataframe tbody tr th {\n",
       "        vertical-align: top;\n",
       "    }\n",
       "\n",
       "    .dataframe thead th {\n",
       "        text-align: right;\n",
       "    }\n",
       "</style>\n",
       "<table border=\"1\" class=\"dataframe\">\n",
       "  <thead>\n",
       "    <tr style=\"text-align: right;\">\n",
       "      <th></th>\n",
       "      <th>pol_bonus</th>\n",
       "      <th>pol_duration</th>\n",
       "      <th>pol_sit_duration</th>\n",
       "      <th>drv_age1</th>\n",
       "      <th>drv_age2</th>\n",
       "      <th>drv_age_lic1</th>\n",
       "      <th>drv_age_lic2</th>\n",
       "      <th>vh_age</th>\n",
       "      <th>vh_cyl</th>\n",
       "      <th>vh_din</th>\n",
       "      <th>vh_sale_begin</th>\n",
       "      <th>vh_sale_end</th>\n",
       "      <th>vh_speed</th>\n",
       "      <th>vh_value</th>\n",
       "      <th>vh_weight</th>\n",
       "      <th>town_mean_altitude</th>\n",
       "      <th>town_surface_area</th>\n",
       "      <th>population</th>\n",
       "      <th>commune_code</th>\n",
       "      <th>canton_code</th>\n",
       "      <th>city_district_code</th>\n",
       "      <th>claim_amount</th>\n",
       "      <th>made_claim</th>\n",
       "    </tr>\n",
       "  </thead>\n",
       "  <tbody>\n",
       "    <tr>\n",
       "      <th>pol_bonus</th>\n",
       "      <td>1.000000</td>\n",
       "      <td>-0.160261</td>\n",
       "      <td>-0.094320</td>\n",
       "      <td>-0.243091</td>\n",
       "      <td>-0.079712</td>\n",
       "      <td>-0.271719</td>\n",
       "      <td>-0.071981</td>\n",
       "      <td>-0.060858</td>\n",
       "      <td>-0.027676</td>\n",
       "      <td>-0.012433</td>\n",
       "      <td>-0.061765</td>\n",
       "      <td>-0.060317</td>\n",
       "      <td>0.015535</td>\n",
       "      <td>-0.013137</td>\n",
       "      <td>-0.012859</td>\n",
       "      <td>-0.016560</td>\n",
       "      <td>0.003195</td>\n",
       "      <td>0.055990</td>\n",
       "      <td>-0.002742</td>\n",
       "      <td>0.047758</td>\n",
       "      <td>0.011641</td>\n",
       "      <td>0.024692</td>\n",
       "      <td>0.040608</td>\n",
       "    </tr>\n",
       "    <tr>\n",
       "      <th>pol_duration</th>\n",
       "      <td>-0.160261</td>\n",
       "      <td>1.000000</td>\n",
       "      <td>0.277021</td>\n",
       "      <td>0.391790</td>\n",
       "      <td>0.004334</td>\n",
       "      <td>0.380040</td>\n",
       "      <td>0.022235</td>\n",
       "      <td>0.016750</td>\n",
       "      <td>-0.081936</td>\n",
       "      <td>-0.065253</td>\n",
       "      <td>0.020638</td>\n",
       "      <td>0.026792</td>\n",
       "      <td>-0.018964</td>\n",
       "      <td>-0.082992</td>\n",
       "      <td>-0.020913</td>\n",
       "      <td>0.010314</td>\n",
       "      <td>0.022666</td>\n",
       "      <td>-0.003035</td>\n",
       "      <td>-0.005653</td>\n",
       "      <td>0.021505</td>\n",
       "      <td>-0.002501</td>\n",
       "      <td>-0.001560</td>\n",
       "      <td>-0.022356</td>\n",
       "    </tr>\n",
       "    <tr>\n",
       "      <th>pol_sit_duration</th>\n",
       "      <td>-0.094320</td>\n",
       "      <td>0.277021</td>\n",
       "      <td>1.000000</td>\n",
       "      <td>0.258216</td>\n",
       "      <td>-0.064923</td>\n",
       "      <td>0.223450</td>\n",
       "      <td>-0.053020</td>\n",
       "      <td>0.346705</td>\n",
       "      <td>-0.066420</td>\n",
       "      <td>-0.152305</td>\n",
       "      <td>0.338795</td>\n",
       "      <td>0.339940</td>\n",
       "      <td>-0.152513</td>\n",
       "      <td>-0.167112</td>\n",
       "      <td>-0.120835</td>\n",
       "      <td>0.007894</td>\n",
       "      <td>0.002296</td>\n",
       "      <td>0.017339</td>\n",
       "      <td>-0.011778</td>\n",
       "      <td>0.002688</td>\n",
       "      <td>-0.007038</td>\n",
       "      <td>-0.021156</td>\n",
       "      <td>-0.054437</td>\n",
       "    </tr>\n",
       "    <tr>\n",
       "      <th>drv_age1</th>\n",
       "      <td>-0.243091</td>\n",
       "      <td>0.391790</td>\n",
       "      <td>0.258216</td>\n",
       "      <td>1.000000</td>\n",
       "      <td>0.075620</td>\n",
       "      <td>0.913431</td>\n",
       "      <td>0.097128</td>\n",
       "      <td>0.085981</td>\n",
       "      <td>-0.062507</td>\n",
       "      <td>-0.055630</td>\n",
       "      <td>0.090096</td>\n",
       "      <td>0.092419</td>\n",
       "      <td>-0.045653</td>\n",
       "      <td>-0.067121</td>\n",
       "      <td>-0.033891</td>\n",
       "      <td>0.004929</td>\n",
       "      <td>0.025929</td>\n",
       "      <td>0.004784</td>\n",
       "      <td>-0.029193</td>\n",
       "      <td>0.024985</td>\n",
       "      <td>-0.029245</td>\n",
       "      <td>0.003647</td>\n",
       "      <td>-0.018581</td>\n",
       "    </tr>\n",
       "    <tr>\n",
       "      <th>drv_age2</th>\n",
       "      <td>-0.079712</td>\n",
       "      <td>0.004334</td>\n",
       "      <td>-0.064923</td>\n",
       "      <td>0.075620</td>\n",
       "      <td>1.000000</td>\n",
       "      <td>0.097780</td>\n",
       "      <td>0.846266</td>\n",
       "      <td>-0.104853</td>\n",
       "      <td>0.014814</td>\n",
       "      <td>0.071581</td>\n",
       "      <td>-0.103424</td>\n",
       "      <td>-0.100061</td>\n",
       "      <td>0.087446</td>\n",
       "      <td>0.069777</td>\n",
       "      <td>0.100202</td>\n",
       "      <td>-0.010086</td>\n",
       "      <td>-0.013709</td>\n",
       "      <td>-0.032941</td>\n",
       "      <td>-0.007203</td>\n",
       "      <td>-0.050662</td>\n",
       "      <td>-0.022763</td>\n",
       "      <td>-0.000113</td>\n",
       "      <td>0.011299</td>\n",
       "    </tr>\n",
       "    <tr>\n",
       "      <th>drv_age_lic1</th>\n",
       "      <td>-0.271719</td>\n",
       "      <td>0.380040</td>\n",
       "      <td>0.223450</td>\n",
       "      <td>0.913431</td>\n",
       "      <td>0.097780</td>\n",
       "      <td>1.000000</td>\n",
       "      <td>0.118999</td>\n",
       "      <td>0.068406</td>\n",
       "      <td>-0.014938</td>\n",
       "      <td>-0.011670</td>\n",
       "      <td>0.074737</td>\n",
       "      <td>0.071211</td>\n",
       "      <td>-0.029238</td>\n",
       "      <td>-0.018163</td>\n",
       "      <td>-0.002273</td>\n",
       "      <td>0.016757</td>\n",
       "      <td>0.026872</td>\n",
       "      <td>-0.014801</td>\n",
       "      <td>-0.031134</td>\n",
       "      <td>-0.000042</td>\n",
       "      <td>-0.035817</td>\n",
       "      <td>0.003250</td>\n",
       "      <td>-0.017220</td>\n",
       "    </tr>\n",
       "    <tr>\n",
       "      <th>drv_age_lic2</th>\n",
       "      <td>-0.071981</td>\n",
       "      <td>0.022235</td>\n",
       "      <td>-0.053020</td>\n",
       "      <td>0.097128</td>\n",
       "      <td>0.846266</td>\n",
       "      <td>0.118999</td>\n",
       "      <td>1.000000</td>\n",
       "      <td>-0.090236</td>\n",
       "      <td>0.015279</td>\n",
       "      <td>0.062988</td>\n",
       "      <td>-0.088578</td>\n",
       "      <td>-0.086297</td>\n",
       "      <td>0.073479</td>\n",
       "      <td>0.060558</td>\n",
       "      <td>0.085126</td>\n",
       "      <td>0.002147</td>\n",
       "      <td>-0.006047</td>\n",
       "      <td>-0.036059</td>\n",
       "      <td>-0.005549</td>\n",
       "      <td>-0.047610</td>\n",
       "      <td>-0.021883</td>\n",
       "      <td>0.000219</td>\n",
       "      <td>0.009031</td>\n",
       "    </tr>\n",
       "    <tr>\n",
       "      <th>vh_age</th>\n",
       "      <td>-0.060858</td>\n",
       "      <td>0.016750</td>\n",
       "      <td>0.346705</td>\n",
       "      <td>0.085981</td>\n",
       "      <td>-0.104853</td>\n",
       "      <td>0.068406</td>\n",
       "      <td>-0.090236</td>\n",
       "      <td>1.000000</td>\n",
       "      <td>-0.007817</td>\n",
       "      <td>-0.316436</td>\n",
       "      <td>0.959559</td>\n",
       "      <td>0.945985</td>\n",
       "      <td>-0.425047</td>\n",
       "      <td>-0.295352</td>\n",
       "      <td>-0.271164</td>\n",
       "      <td>0.011320</td>\n",
       "      <td>0.008803</td>\n",
       "      <td>-0.020798</td>\n",
       "      <td>-0.016722</td>\n",
       "      <td>-0.021614</td>\n",
       "      <td>-0.022469</td>\n",
       "      <td>-0.050703</td>\n",
       "      <td>-0.120302</td>\n",
       "    </tr>\n",
       "    <tr>\n",
       "      <th>vh_cyl</th>\n",
       "      <td>-0.027676</td>\n",
       "      <td>-0.081936</td>\n",
       "      <td>-0.066420</td>\n",
       "      <td>-0.062507</td>\n",
       "      <td>0.014814</td>\n",
       "      <td>-0.014938</td>\n",
       "      <td>0.015279</td>\n",
       "      <td>-0.007817</td>\n",
       "      <td>1.000000</td>\n",
       "      <td>0.719152</td>\n",
       "      <td>-0.044277</td>\n",
       "      <td>-0.039714</td>\n",
       "      <td>0.404870</td>\n",
       "      <td>0.767343</td>\n",
       "      <td>0.397360</td>\n",
       "      <td>0.028777</td>\n",
       "      <td>-0.011563</td>\n",
       "      <td>-0.029302</td>\n",
       "      <td>-0.006154</td>\n",
       "      <td>-0.056199</td>\n",
       "      <td>-0.012754</td>\n",
       "      <td>0.010766</td>\n",
       "      <td>0.029653</td>\n",
       "    </tr>\n",
       "    <tr>\n",
       "      <th>vh_din</th>\n",
       "      <td>-0.012433</td>\n",
       "      <td>-0.065253</td>\n",
       "      <td>-0.152305</td>\n",
       "      <td>-0.055630</td>\n",
       "      <td>0.071581</td>\n",
       "      <td>-0.011670</td>\n",
       "      <td>0.062988</td>\n",
       "      <td>-0.316436</td>\n",
       "      <td>0.719152</td>\n",
       "      <td>1.000000</td>\n",
       "      <td>-0.356270</td>\n",
       "      <td>-0.336698</td>\n",
       "      <td>0.812107</td>\n",
       "      <td>0.887525</td>\n",
       "      <td>0.559096</td>\n",
       "      <td>0.000613</td>\n",
       "      <td>-0.025434</td>\n",
       "      <td>0.033026</td>\n",
       "      <td>-0.007525</td>\n",
       "      <td>-0.003003</td>\n",
       "      <td>-0.000275</td>\n",
       "      <td>0.031848</td>\n",
       "      <td>0.071553</td>\n",
       "    </tr>\n",
       "    <tr>\n",
       "      <th>vh_sale_begin</th>\n",
       "      <td>-0.061765</td>\n",
       "      <td>0.020638</td>\n",
       "      <td>0.338795</td>\n",
       "      <td>0.090096</td>\n",
       "      <td>-0.103424</td>\n",
       "      <td>0.074737</td>\n",
       "      <td>-0.088578</td>\n",
       "      <td>0.959559</td>\n",
       "      <td>-0.044277</td>\n",
       "      <td>-0.356270</td>\n",
       "      <td>1.000000</td>\n",
       "      <td>0.946224</td>\n",
       "      <td>-0.469653</td>\n",
       "      <td>-0.326519</td>\n",
       "      <td>-0.287036</td>\n",
       "      <td>0.014616</td>\n",
       "      <td>0.010590</td>\n",
       "      <td>-0.023799</td>\n",
       "      <td>-0.016445</td>\n",
       "      <td>-0.025342</td>\n",
       "      <td>-0.023122</td>\n",
       "      <td>-0.050089</td>\n",
       "      <td>-0.119032</td>\n",
       "    </tr>\n",
       "    <tr>\n",
       "      <th>vh_sale_end</th>\n",
       "      <td>-0.060317</td>\n",
       "      <td>0.026792</td>\n",
       "      <td>0.339940</td>\n",
       "      <td>0.092419</td>\n",
       "      <td>-0.100061</td>\n",
       "      <td>0.071211</td>\n",
       "      <td>-0.086297</td>\n",
       "      <td>0.945985</td>\n",
       "      <td>-0.039714</td>\n",
       "      <td>-0.336698</td>\n",
       "      <td>0.946224</td>\n",
       "      <td>1.000000</td>\n",
       "      <td>-0.412854</td>\n",
       "      <td>-0.329255</td>\n",
       "      <td>-0.273106</td>\n",
       "      <td>0.007706</td>\n",
       "      <td>0.010993</td>\n",
       "      <td>-0.017727</td>\n",
       "      <td>-0.015588</td>\n",
       "      <td>-0.017543</td>\n",
       "      <td>-0.019312</td>\n",
       "      <td>-0.050435</td>\n",
       "      <td>-0.119413</td>\n",
       "    </tr>\n",
       "    <tr>\n",
       "      <th>vh_speed</th>\n",
       "      <td>0.015535</td>\n",
       "      <td>-0.018964</td>\n",
       "      <td>-0.152513</td>\n",
       "      <td>-0.045653</td>\n",
       "      <td>0.087446</td>\n",
       "      <td>-0.029238</td>\n",
       "      <td>0.073479</td>\n",
       "      <td>-0.425047</td>\n",
       "      <td>0.404870</td>\n",
       "      <td>0.812107</td>\n",
       "      <td>-0.469653</td>\n",
       "      <td>-0.412854</td>\n",
       "      <td>1.000000</td>\n",
       "      <td>0.641796</td>\n",
       "      <td>0.521438</td>\n",
       "      <td>-0.035604</td>\n",
       "      <td>-0.025985</td>\n",
       "      <td>0.056415</td>\n",
       "      <td>0.007413</td>\n",
       "      <td>0.037050</td>\n",
       "      <td>0.019472</td>\n",
       "      <td>0.030678</td>\n",
       "      <td>0.074055</td>\n",
       "    </tr>\n",
       "    <tr>\n",
       "      <th>vh_value</th>\n",
       "      <td>-0.013137</td>\n",
       "      <td>-0.082992</td>\n",
       "      <td>-0.167112</td>\n",
       "      <td>-0.067121</td>\n",
       "      <td>0.069777</td>\n",
       "      <td>-0.018163</td>\n",
       "      <td>0.060558</td>\n",
       "      <td>-0.295352</td>\n",
       "      <td>0.767343</td>\n",
       "      <td>0.887525</td>\n",
       "      <td>-0.326519</td>\n",
       "      <td>-0.329255</td>\n",
       "      <td>0.641796</td>\n",
       "      <td>1.000000</td>\n",
       "      <td>0.551407</td>\n",
       "      <td>-0.000563</td>\n",
       "      <td>-0.024058</td>\n",
       "      <td>0.009525</td>\n",
       "      <td>-0.003266</td>\n",
       "      <td>-0.023953</td>\n",
       "      <td>-0.002258</td>\n",
       "      <td>0.033401</td>\n",
       "      <td>0.075601</td>\n",
       "    </tr>\n",
       "    <tr>\n",
       "      <th>vh_weight</th>\n",
       "      <td>-0.012859</td>\n",
       "      <td>-0.020913</td>\n",
       "      <td>-0.120835</td>\n",
       "      <td>-0.033891</td>\n",
       "      <td>0.100202</td>\n",
       "      <td>-0.002273</td>\n",
       "      <td>0.085126</td>\n",
       "      <td>-0.271164</td>\n",
       "      <td>0.397360</td>\n",
       "      <td>0.559096</td>\n",
       "      <td>-0.287036</td>\n",
       "      <td>-0.273106</td>\n",
       "      <td>0.521438</td>\n",
       "      <td>0.551407</td>\n",
       "      <td>1.000000</td>\n",
       "      <td>0.019082</td>\n",
       "      <td>-0.015363</td>\n",
       "      <td>-0.002694</td>\n",
       "      <td>0.005473</td>\n",
       "      <td>-0.018543</td>\n",
       "      <td>0.000461</td>\n",
       "      <td>0.027906</td>\n",
       "      <td>0.063548</td>\n",
       "    </tr>\n",
       "    <tr>\n",
       "      <th>town_mean_altitude</th>\n",
       "      <td>-0.016560</td>\n",
       "      <td>0.010314</td>\n",
       "      <td>0.007894</td>\n",
       "      <td>0.004929</td>\n",
       "      <td>-0.010086</td>\n",
       "      <td>0.016757</td>\n",
       "      <td>0.002147</td>\n",
       "      <td>0.011320</td>\n",
       "      <td>0.028777</td>\n",
       "      <td>0.000613</td>\n",
       "      <td>0.014616</td>\n",
       "      <td>0.007706</td>\n",
       "      <td>-0.035604</td>\n",
       "      <td>-0.000563</td>\n",
       "      <td>0.019082</td>\n",
       "      <td>1.000000</td>\n",
       "      <td>0.088315</td>\n",
       "      <td>-0.153701</td>\n",
       "      <td>-0.045184</td>\n",
       "      <td>-0.138251</td>\n",
       "      <td>-0.101158</td>\n",
       "      <td>-0.002083</td>\n",
       "      <td>-0.010987</td>\n",
       "    </tr>\n",
       "    <tr>\n",
       "      <th>town_surface_area</th>\n",
       "      <td>0.003195</td>\n",
       "      <td>0.022666</td>\n",
       "      <td>0.002296</td>\n",
       "      <td>0.025929</td>\n",
       "      <td>-0.013709</td>\n",
       "      <td>0.026872</td>\n",
       "      <td>-0.006047</td>\n",
       "      <td>0.008803</td>\n",
       "      <td>-0.011563</td>\n",
       "      <td>-0.025434</td>\n",
       "      <td>0.010590</td>\n",
       "      <td>0.010993</td>\n",
       "      <td>-0.025985</td>\n",
       "      <td>-0.024058</td>\n",
       "      <td>-0.015363</td>\n",
       "      <td>0.088315</td>\n",
       "      <td>1.000000</td>\n",
       "      <td>0.316891</td>\n",
       "      <td>-0.090784</td>\n",
       "      <td>0.252186</td>\n",
       "      <td>0.001654</td>\n",
       "      <td>-0.000538</td>\n",
       "      <td>-0.000350</td>\n",
       "    </tr>\n",
       "    <tr>\n",
       "      <th>population</th>\n",
       "      <td>0.055990</td>\n",
       "      <td>-0.003035</td>\n",
       "      <td>0.017339</td>\n",
       "      <td>0.004784</td>\n",
       "      <td>-0.032941</td>\n",
       "      <td>-0.014801</td>\n",
       "      <td>-0.036059</td>\n",
       "      <td>-0.020798</td>\n",
       "      <td>-0.029302</td>\n",
       "      <td>0.033026</td>\n",
       "      <td>-0.023799</td>\n",
       "      <td>-0.017727</td>\n",
       "      <td>0.056415</td>\n",
       "      <td>0.009525</td>\n",
       "      <td>-0.002694</td>\n",
       "      <td>-0.153701</td>\n",
       "      <td>0.316891</td>\n",
       "      <td>1.000000</td>\n",
       "      <td>-0.018144</td>\n",
       "      <td>0.555011</td>\n",
       "      <td>0.046530</td>\n",
       "      <td>0.007700</td>\n",
       "      <td>0.016471</td>\n",
       "    </tr>\n",
       "    <tr>\n",
       "      <th>commune_code</th>\n",
       "      <td>-0.002742</td>\n",
       "      <td>-0.005653</td>\n",
       "      <td>-0.011778</td>\n",
       "      <td>-0.029193</td>\n",
       "      <td>-0.007203</td>\n",
       "      <td>-0.031134</td>\n",
       "      <td>-0.005549</td>\n",
       "      <td>-0.016722</td>\n",
       "      <td>-0.006154</td>\n",
       "      <td>-0.007525</td>\n",
       "      <td>-0.016445</td>\n",
       "      <td>-0.015588</td>\n",
       "      <td>0.007413</td>\n",
       "      <td>-0.003266</td>\n",
       "      <td>0.005473</td>\n",
       "      <td>-0.045184</td>\n",
       "      <td>-0.090784</td>\n",
       "      <td>-0.018144</td>\n",
       "      <td>1.000000</td>\n",
       "      <td>0.007436</td>\n",
       "      <td>0.323250</td>\n",
       "      <td>-0.005741</td>\n",
       "      <td>0.003930</td>\n",
       "    </tr>\n",
       "    <tr>\n",
       "      <th>canton_code</th>\n",
       "      <td>0.047758</td>\n",
       "      <td>0.021505</td>\n",
       "      <td>0.002688</td>\n",
       "      <td>0.024985</td>\n",
       "      <td>-0.050662</td>\n",
       "      <td>-0.000042</td>\n",
       "      <td>-0.047610</td>\n",
       "      <td>-0.021614</td>\n",
       "      <td>-0.056199</td>\n",
       "      <td>-0.003003</td>\n",
       "      <td>-0.025342</td>\n",
       "      <td>-0.017543</td>\n",
       "      <td>0.037050</td>\n",
       "      <td>-0.023953</td>\n",
       "      <td>-0.018543</td>\n",
       "      <td>-0.138251</td>\n",
       "      <td>0.252186</td>\n",
       "      <td>0.555011</td>\n",
       "      <td>0.007436</td>\n",
       "      <td>1.000000</td>\n",
       "      <td>0.084863</td>\n",
       "      <td>0.005810</td>\n",
       "      <td>0.014916</td>\n",
       "    </tr>\n",
       "    <tr>\n",
       "      <th>city_district_code</th>\n",
       "      <td>0.011641</td>\n",
       "      <td>-0.002501</td>\n",
       "      <td>-0.007038</td>\n",
       "      <td>-0.029245</td>\n",
       "      <td>-0.022763</td>\n",
       "      <td>-0.035817</td>\n",
       "      <td>-0.021883</td>\n",
       "      <td>-0.022469</td>\n",
       "      <td>-0.012754</td>\n",
       "      <td>-0.000275</td>\n",
       "      <td>-0.023122</td>\n",
       "      <td>-0.019312</td>\n",
       "      <td>0.019472</td>\n",
       "      <td>-0.002258</td>\n",
       "      <td>0.000461</td>\n",
       "      <td>-0.101158</td>\n",
       "      <td>0.001654</td>\n",
       "      <td>0.046530</td>\n",
       "      <td>0.323250</td>\n",
       "      <td>0.084863</td>\n",
       "      <td>1.000000</td>\n",
       "      <td>-0.001222</td>\n",
       "      <td>0.006573</td>\n",
       "    </tr>\n",
       "    <tr>\n",
       "      <th>claim_amount</th>\n",
       "      <td>0.024692</td>\n",
       "      <td>-0.001560</td>\n",
       "      <td>-0.021156</td>\n",
       "      <td>0.003647</td>\n",
       "      <td>-0.000113</td>\n",
       "      <td>0.003250</td>\n",
       "      <td>0.000219</td>\n",
       "      <td>-0.050703</td>\n",
       "      <td>0.010766</td>\n",
       "      <td>0.031848</td>\n",
       "      <td>-0.050089</td>\n",
       "      <td>-0.050435</td>\n",
       "      <td>0.030678</td>\n",
       "      <td>0.033401</td>\n",
       "      <td>0.027906</td>\n",
       "      <td>-0.002083</td>\n",
       "      <td>-0.000538</td>\n",
       "      <td>0.007700</td>\n",
       "      <td>-0.005741</td>\n",
       "      <td>0.005810</td>\n",
       "      <td>-0.001222</td>\n",
       "      <td>1.000000</td>\n",
       "      <td>0.335784</td>\n",
       "    </tr>\n",
       "    <tr>\n",
       "      <th>made_claim</th>\n",
       "      <td>0.040608</td>\n",
       "      <td>-0.022356</td>\n",
       "      <td>-0.054437</td>\n",
       "      <td>-0.018581</td>\n",
       "      <td>0.011299</td>\n",
       "      <td>-0.017220</td>\n",
       "      <td>0.009031</td>\n",
       "      <td>-0.120302</td>\n",
       "      <td>0.029653</td>\n",
       "      <td>0.071553</td>\n",
       "      <td>-0.119032</td>\n",
       "      <td>-0.119413</td>\n",
       "      <td>0.074055</td>\n",
       "      <td>0.075601</td>\n",
       "      <td>0.063548</td>\n",
       "      <td>-0.010987</td>\n",
       "      <td>-0.000350</td>\n",
       "      <td>0.016471</td>\n",
       "      <td>0.003930</td>\n",
       "      <td>0.014916</td>\n",
       "      <td>0.006573</td>\n",
       "      <td>0.335784</td>\n",
       "      <td>1.000000</td>\n",
       "    </tr>\n",
       "  </tbody>\n",
       "</table>\n",
       "</div>"
      ],
      "text/plain": [
       "                    pol_bonus  pol_duration  pol_sit_duration  drv_age1  \\\n",
       "pol_bonus            1.000000     -0.160261         -0.094320 -0.243091   \n",
       "pol_duration        -0.160261      1.000000          0.277021  0.391790   \n",
       "pol_sit_duration    -0.094320      0.277021          1.000000  0.258216   \n",
       "drv_age1            -0.243091      0.391790          0.258216  1.000000   \n",
       "drv_age2            -0.079712      0.004334         -0.064923  0.075620   \n",
       "drv_age_lic1        -0.271719      0.380040          0.223450  0.913431   \n",
       "drv_age_lic2        -0.071981      0.022235         -0.053020  0.097128   \n",
       "vh_age              -0.060858      0.016750          0.346705  0.085981   \n",
       "vh_cyl              -0.027676     -0.081936         -0.066420 -0.062507   \n",
       "vh_din              -0.012433     -0.065253         -0.152305 -0.055630   \n",
       "vh_sale_begin       -0.061765      0.020638          0.338795  0.090096   \n",
       "vh_sale_end         -0.060317      0.026792          0.339940  0.092419   \n",
       "vh_speed             0.015535     -0.018964         -0.152513 -0.045653   \n",
       "vh_value            -0.013137     -0.082992         -0.167112 -0.067121   \n",
       "vh_weight           -0.012859     -0.020913         -0.120835 -0.033891   \n",
       "town_mean_altitude  -0.016560      0.010314          0.007894  0.004929   \n",
       "town_surface_area    0.003195      0.022666          0.002296  0.025929   \n",
       "population           0.055990     -0.003035          0.017339  0.004784   \n",
       "commune_code        -0.002742     -0.005653         -0.011778 -0.029193   \n",
       "canton_code          0.047758      0.021505          0.002688  0.024985   \n",
       "city_district_code   0.011641     -0.002501         -0.007038 -0.029245   \n",
       "claim_amount         0.024692     -0.001560         -0.021156  0.003647   \n",
       "made_claim           0.040608     -0.022356         -0.054437 -0.018581   \n",
       "\n",
       "                    drv_age2  drv_age_lic1  drv_age_lic2    vh_age    vh_cyl  \\\n",
       "pol_bonus          -0.079712     -0.271719     -0.071981 -0.060858 -0.027676   \n",
       "pol_duration        0.004334      0.380040      0.022235  0.016750 -0.081936   \n",
       "pol_sit_duration   -0.064923      0.223450     -0.053020  0.346705 -0.066420   \n",
       "drv_age1            0.075620      0.913431      0.097128  0.085981 -0.062507   \n",
       "drv_age2            1.000000      0.097780      0.846266 -0.104853  0.014814   \n",
       "drv_age_lic1        0.097780      1.000000      0.118999  0.068406 -0.014938   \n",
       "drv_age_lic2        0.846266      0.118999      1.000000 -0.090236  0.015279   \n",
       "vh_age             -0.104853      0.068406     -0.090236  1.000000 -0.007817   \n",
       "vh_cyl              0.014814     -0.014938      0.015279 -0.007817  1.000000   \n",
       "vh_din              0.071581     -0.011670      0.062988 -0.316436  0.719152   \n",
       "vh_sale_begin      -0.103424      0.074737     -0.088578  0.959559 -0.044277   \n",
       "vh_sale_end        -0.100061      0.071211     -0.086297  0.945985 -0.039714   \n",
       "vh_speed            0.087446     -0.029238      0.073479 -0.425047  0.404870   \n",
       "vh_value            0.069777     -0.018163      0.060558 -0.295352  0.767343   \n",
       "vh_weight           0.100202     -0.002273      0.085126 -0.271164  0.397360   \n",
       "town_mean_altitude -0.010086      0.016757      0.002147  0.011320  0.028777   \n",
       "town_surface_area  -0.013709      0.026872     -0.006047  0.008803 -0.011563   \n",
       "population         -0.032941     -0.014801     -0.036059 -0.020798 -0.029302   \n",
       "commune_code       -0.007203     -0.031134     -0.005549 -0.016722 -0.006154   \n",
       "canton_code        -0.050662     -0.000042     -0.047610 -0.021614 -0.056199   \n",
       "city_district_code -0.022763     -0.035817     -0.021883 -0.022469 -0.012754   \n",
       "claim_amount       -0.000113      0.003250      0.000219 -0.050703  0.010766   \n",
       "made_claim          0.011299     -0.017220      0.009031 -0.120302  0.029653   \n",
       "\n",
       "                      vh_din  vh_sale_begin  vh_sale_end  vh_speed  vh_value  \\\n",
       "pol_bonus          -0.012433      -0.061765    -0.060317  0.015535 -0.013137   \n",
       "pol_duration       -0.065253       0.020638     0.026792 -0.018964 -0.082992   \n",
       "pol_sit_duration   -0.152305       0.338795     0.339940 -0.152513 -0.167112   \n",
       "drv_age1           -0.055630       0.090096     0.092419 -0.045653 -0.067121   \n",
       "drv_age2            0.071581      -0.103424    -0.100061  0.087446  0.069777   \n",
       "drv_age_lic1       -0.011670       0.074737     0.071211 -0.029238 -0.018163   \n",
       "drv_age_lic2        0.062988      -0.088578    -0.086297  0.073479  0.060558   \n",
       "vh_age             -0.316436       0.959559     0.945985 -0.425047 -0.295352   \n",
       "vh_cyl              0.719152      -0.044277    -0.039714  0.404870  0.767343   \n",
       "vh_din              1.000000      -0.356270    -0.336698  0.812107  0.887525   \n",
       "vh_sale_begin      -0.356270       1.000000     0.946224 -0.469653 -0.326519   \n",
       "vh_sale_end        -0.336698       0.946224     1.000000 -0.412854 -0.329255   \n",
       "vh_speed            0.812107      -0.469653    -0.412854  1.000000  0.641796   \n",
       "vh_value            0.887525      -0.326519    -0.329255  0.641796  1.000000   \n",
       "vh_weight           0.559096      -0.287036    -0.273106  0.521438  0.551407   \n",
       "town_mean_altitude  0.000613       0.014616     0.007706 -0.035604 -0.000563   \n",
       "town_surface_area  -0.025434       0.010590     0.010993 -0.025985 -0.024058   \n",
       "population          0.033026      -0.023799    -0.017727  0.056415  0.009525   \n",
       "commune_code       -0.007525      -0.016445    -0.015588  0.007413 -0.003266   \n",
       "canton_code        -0.003003      -0.025342    -0.017543  0.037050 -0.023953   \n",
       "city_district_code -0.000275      -0.023122    -0.019312  0.019472 -0.002258   \n",
       "claim_amount        0.031848      -0.050089    -0.050435  0.030678  0.033401   \n",
       "made_claim          0.071553      -0.119032    -0.119413  0.074055  0.075601   \n",
       "\n",
       "                    vh_weight  town_mean_altitude  town_surface_area  \\\n",
       "pol_bonus           -0.012859           -0.016560           0.003195   \n",
       "pol_duration        -0.020913            0.010314           0.022666   \n",
       "pol_sit_duration    -0.120835            0.007894           0.002296   \n",
       "drv_age1            -0.033891            0.004929           0.025929   \n",
       "drv_age2             0.100202           -0.010086          -0.013709   \n",
       "drv_age_lic1        -0.002273            0.016757           0.026872   \n",
       "drv_age_lic2         0.085126            0.002147          -0.006047   \n",
       "vh_age              -0.271164            0.011320           0.008803   \n",
       "vh_cyl               0.397360            0.028777          -0.011563   \n",
       "vh_din               0.559096            0.000613          -0.025434   \n",
       "vh_sale_begin       -0.287036            0.014616           0.010590   \n",
       "vh_sale_end         -0.273106            0.007706           0.010993   \n",
       "vh_speed             0.521438           -0.035604          -0.025985   \n",
       "vh_value             0.551407           -0.000563          -0.024058   \n",
       "vh_weight            1.000000            0.019082          -0.015363   \n",
       "town_mean_altitude   0.019082            1.000000           0.088315   \n",
       "town_surface_area   -0.015363            0.088315           1.000000   \n",
       "population          -0.002694           -0.153701           0.316891   \n",
       "commune_code         0.005473           -0.045184          -0.090784   \n",
       "canton_code         -0.018543           -0.138251           0.252186   \n",
       "city_district_code   0.000461           -0.101158           0.001654   \n",
       "claim_amount         0.027906           -0.002083          -0.000538   \n",
       "made_claim           0.063548           -0.010987          -0.000350   \n",
       "\n",
       "                    population  commune_code  canton_code  city_district_code  \\\n",
       "pol_bonus             0.055990     -0.002742     0.047758            0.011641   \n",
       "pol_duration         -0.003035     -0.005653     0.021505           -0.002501   \n",
       "pol_sit_duration      0.017339     -0.011778     0.002688           -0.007038   \n",
       "drv_age1              0.004784     -0.029193     0.024985           -0.029245   \n",
       "drv_age2             -0.032941     -0.007203    -0.050662           -0.022763   \n",
       "drv_age_lic1         -0.014801     -0.031134    -0.000042           -0.035817   \n",
       "drv_age_lic2         -0.036059     -0.005549    -0.047610           -0.021883   \n",
       "vh_age               -0.020798     -0.016722    -0.021614           -0.022469   \n",
       "vh_cyl               -0.029302     -0.006154    -0.056199           -0.012754   \n",
       "vh_din                0.033026     -0.007525    -0.003003           -0.000275   \n",
       "vh_sale_begin        -0.023799     -0.016445    -0.025342           -0.023122   \n",
       "vh_sale_end          -0.017727     -0.015588    -0.017543           -0.019312   \n",
       "vh_speed              0.056415      0.007413     0.037050            0.019472   \n",
       "vh_value              0.009525     -0.003266    -0.023953           -0.002258   \n",
       "vh_weight            -0.002694      0.005473    -0.018543            0.000461   \n",
       "town_mean_altitude   -0.153701     -0.045184    -0.138251           -0.101158   \n",
       "town_surface_area     0.316891     -0.090784     0.252186            0.001654   \n",
       "population            1.000000     -0.018144     0.555011            0.046530   \n",
       "commune_code         -0.018144      1.000000     0.007436            0.323250   \n",
       "canton_code           0.555011      0.007436     1.000000            0.084863   \n",
       "city_district_code    0.046530      0.323250     0.084863            1.000000   \n",
       "claim_amount          0.007700     -0.005741     0.005810           -0.001222   \n",
       "made_claim            0.016471      0.003930     0.014916            0.006573   \n",
       "\n",
       "                    claim_amount  made_claim  \n",
       "pol_bonus               0.024692    0.040608  \n",
       "pol_duration           -0.001560   -0.022356  \n",
       "pol_sit_duration       -0.021156   -0.054437  \n",
       "drv_age1                0.003647   -0.018581  \n",
       "drv_age2               -0.000113    0.011299  \n",
       "drv_age_lic1            0.003250   -0.017220  \n",
       "drv_age_lic2            0.000219    0.009031  \n",
       "vh_age                 -0.050703   -0.120302  \n",
       "vh_cyl                  0.010766    0.029653  \n",
       "vh_din                  0.031848    0.071553  \n",
       "vh_sale_begin          -0.050089   -0.119032  \n",
       "vh_sale_end            -0.050435   -0.119413  \n",
       "vh_speed                0.030678    0.074055  \n",
       "vh_value                0.033401    0.075601  \n",
       "vh_weight               0.027906    0.063548  \n",
       "town_mean_altitude     -0.002083   -0.010987  \n",
       "town_surface_area      -0.000538   -0.000350  \n",
       "population              0.007700    0.016471  \n",
       "commune_code           -0.005741    0.003930  \n",
       "canton_code             0.005810    0.014916  \n",
       "city_district_code     -0.001222    0.006573  \n",
       "claim_amount            1.000000    0.335784  \n",
       "made_claim              0.335784    1.000000  "
      ]
     },
     "metadata": {},
     "output_type": "display_data"
    }
   ],
   "source": [
    "# import matplotlib.pyplot as plt\n",
    "\n",
    "# plt.matshow(df.corr())\n",
    "# plt.show()\n",
    "\n",
    "import pandas as pd\n",
    "import numpy as np\n",
    "import seaborn as sns\n",
    "X = df.iloc[:,0:-1]  #independent columns\n",
    "y = df.iloc[:,-1]    #target column i.e price range\n",
    "#get correlations of each features in dataset\n",
    "corrmat = df.corr()\n",
    "top_corr_features = corrmat.index\n",
    "print(top_corr_features)\n",
    "\n",
    "from IPython.display import display\n",
    "pd.options.display.max_columns = None\n",
    "display(corrmat)\n",
    "\n",
    "# corrmat\n"
   ]
  },
  {
   "cell_type": "code",
   "execution_count": 55,
   "metadata": {},
   "outputs": [
    {
     "data": {
